debate_id,t_id,direction,heuristic,constructive_explanation_abv,constructive_explanation_arg,destructive_explanation_abv,destructive_explanation_arg
29907,29907.9,weakening,weak to strong,"[['UnWPb1', 'UnWPb2'], ['Cb2', 'Cb1']]","[['29907.12', '29907.31'], ['29907.15', '29907.14', '29907.44']]","[['UnWPb1', 'UnWPb2'], ['PWb1'], ['Cb2', 'Cb1']]","[['29907.12', '29907.31'], ['29907.41'], ['29907.15', '29907.14', '29907.44']]"
29907,29907.9,weakening,strong to weak,"[['UnWPb1', 'UnWPb2'], ['Cb1', 'Cb2']]","[['29907.12', '29907.31'], ['29907.14', '29907.44', '29907.15']]","[['UnWPb1', 'UnWPb2'], ['PWb1'], ['Cb1', 'Cb2']]","[['29907.12', '29907.31'], ['29907.41'], ['29907.14', '29907.44', '29907.15']]"
29907,29907.9,weakening,small to large,"[['UnWPb1', 'UnWPb2'], ['Cb2', 'Cb1']]","[['29907.12', '29907.31'], ['29907.15', '29907.14', '29907.44']]","[['UnWPb1', 'UnWPb2'], ['PWb1'], ['Cb2', 'Cb1']]","[['29907.12', '29907.31'], ['29907.41'], ['29907.15', '29907.14', '29907.44']]"
