debate_id,t_id,direction,heuristic,constructive_explanation_abv,constructive_explanation_arg,destructive_explanation_abv,destructive_explanation_arg
30015,30015.6,weakening,weak to strong,"[['UnWPb1', 'UnWPb2'], ['Cb2', 'Cb1'], ['PWb3', 'PWb2']]","[['30015.17', '30015.285'], ['30015.184', '30015.267', '30015.23', '30015.275'], ['30015.291', '30015.155']]","[['UnWPb1', 'UnWPb2'], ['PWb1', 'PWb2', 'PWb3'], ['Cb2', 'Cb1']]","[['30015.17', '30015.285'], ['30015.127', '30015.155', '30015.291'], ['30015.184', '30015.267', '30015.23', '30015.275']]"
30015,30015.6,weakening,strong to weak,"[['UnWPb1', 'UnWPb2'], ['Cb1', 'Cb2'], ['PWb1', 'PWb2']]","[['30015.17', '30015.285'], ['30015.23', '30015.275', '30015.184', '30015.267'], ['30015.127', '30015.155']]","[['UnWPb1', 'UnWPb2'], ['PWb1', 'PWb2', 'PWb3'], ['Cb1', 'Cb2']]","[['30015.17', '30015.285'], ['30015.127', '30015.155', '30015.291'], ['30015.23', '30015.275', '30015.184', '30015.267']]"
30015,30015.6,weakening,small to large,"[['UnWPb1', 'UnWPb2'], ['Cb1', 'Cb2'], ['PWb1', 'PWb2']]","[['30015.17', '30015.285'], ['30015.23', '30015.275', '30015.184', '30015.267'], ['30015.127', '30015.155']]","[['UnWPb1', 'UnWPb2'], ['PWb1', 'PWb2', 'PWb3'], ['Cb1', 'Cb2']]","[['30015.17', '30015.285'], ['30015.127', '30015.155', '30015.291'], ['30015.23', '30015.275', '30015.184', '30015.267']]"
