debate_id,t_id,direction,heuristic,constructive_explanation_abv,constructive_explanation_arg,destructive_explanation_abv,destructive_explanation_arg
30028,30028.1,strengthening,weak to strong,"[['UnWCb1', 'UnWCb2', 'UnWCb3', 'UnWCb4'], ['Pb3', 'Pb2', 'Pb1'], ['CWb1', 'CWb3', 'CWb2']]","[['30028.30', '30028.40', '30028.42', '30028.53'], ['30028.41', '30028.17', '30028.121', '30028.9'], ['30028.51', '30028.52', '30028.131', '30028.50']]","[['UnWCb1', 'UnWCb2', 'UnWCb3', 'UnWCb4'], ['CWb1', 'CWb2', 'CWb3'], ['Pb3', 'Pb2', 'Pb1']]","[['30028.30', '30028.40', '30028.42', '30028.53'], ['30028.51', '30028.52', '30028.50', '30028.131'], ['30028.41', '30028.17', '30028.121', '30028.9']]"
30028,30028.1,strengthening,strong to weak,"[['UnWCb1', 'UnWCb2', 'UnWCb3', 'UnWCb4'], ['Pb1', 'Pb2', 'Pb3'], ['CWb2', 'CWb3', 'CWb1']]","[['30028.30', '30028.40', '30028.42', '30028.53'], ['30028.9', '30028.17', '30028.121', '30028.41'], ['30028.50', '30028.131', '30028.51', '30028.52']]","[['UnWCb1', 'UnWCb2', 'UnWCb3', 'UnWCb4'], ['CWb1', 'CWb2', 'CWb3'], ['Pb1', 'Pb2', 'Pb3']]","[['30028.30', '30028.40', '30028.42', '30028.53'], ['30028.51', '30028.52', '30028.50', '30028.131'], ['30028.9', '30028.17', '30028.121', '30028.41']]"
30028,30028.1,strengthening,small to large,"[['UnWCb1', 'UnWCb2', 'UnWCb3', 'UnWCb4'], ['Pb1', 'Pb3', 'Pb2'], ['CWb2', 'CWb3', 'CWb1']]","[['30028.30', '30028.40', '30028.42', '30028.53'], ['30028.9', '30028.41', '30028.17', '30028.121'], ['30028.50', '30028.131', '30028.51', '30028.52']]","[['UnWCb1', 'UnWCb2', 'UnWCb3', 'UnWCb4'], ['CWb1', 'CWb2', 'CWb3'], ['Pb1', 'Pb3', 'Pb2']]","[['30028.30', '30028.40', '30028.42', '30028.53'], ['30028.51', '30028.52', '30028.50', '30028.131'], ['30028.9', '30028.41', '30028.17', '30028.121']]"
