debate_id,t_id,direction,heuristic,constructive_explanation_abv,constructive_explanation_arg,destructive_explanation_abv,destructive_explanation_arg
30154,30154.8,strengthening,weak to strong,"[['UnWCb1', 'UnWCb2'], ['Pb2', 'Pb1']]","[['30154.16', '30154.31'], ['30154.155', '30154.51', '30154.52']]","[['UnWCb1', 'UnWCb2'], ['CWb1'], ['Pb2', 'Pb1']]","[['30154.16', '30154.31'], ['30154.17'], ['30154.155', '30154.51', '30154.52']]"
30154,30154.8,strengthening,strong to weak,"[['UnWCb1', 'UnWCb2'], ['Pb1', 'Pb2']]","[['30154.16', '30154.31'], ['30154.51', '30154.52', '30154.155']]","[['UnWCb1', 'UnWCb2'], ['CWb1'], ['Pb1', 'Pb2']]","[['30154.16', '30154.31'], ['30154.17'], ['30154.51', '30154.52', '30154.155']]"
30154,30154.8,strengthening,small to large,"[['UnWCb1', 'UnWCb2'], ['Pb2', 'Pb1']]","[['30154.16', '30154.31'], ['30154.155', '30154.51', '30154.52']]","[['UnWCb1', 'UnWCb2'], ['CWb1'], ['Pb2', 'Pb1']]","[['30154.16', '30154.31'], ['30154.17'], ['30154.155', '30154.51', '30154.52']]"
