debate_id,t_id,direction,heuristic,constructive_explanation_abv,constructive_explanation_arg,destructive_explanation_abv,destructive_explanation_arg
48600,48600.7,weakening,weak to strong,"[['UnWPb1', 'UnWPb2'], ['Cb1', 'Cb2', 'Cb3']]","[['48600.81', '48600.83'], ['48600.69', '48600.129', '48600.105', '48600.107']]","[['UnWPb1', 'UnWPb2'], [], ['Cb1', 'Cb2', 'Cb3']]","[['48600.81', '48600.83'], [], ['48600.69', '48600.129', '48600.105', '48600.107']]"
48600,48600.7,weakening,strong to weak,"[['UnWPb1', 'UnWPb2'], ['Cb2', 'Cb3', 'Cb1']]","[['48600.81', '48600.83'], ['48600.105', '48600.107', '48600.69', '48600.129']]","[['UnWPb1', 'UnWPb2'], [], ['Cb2', 'Cb3', 'Cb1']]","[['48600.81', '48600.83'], [], ['48600.105', '48600.107', '48600.69', '48600.129']]"
48600,48600.7,weakening,small to large,"[['UnWPb1', 'UnWPb2'], ['Cb2', 'Cb3', 'Cb1']]","[['48600.81', '48600.83'], ['48600.105', '48600.107', '48600.69', '48600.129']]","[['UnWPb1', 'UnWPb2'], [], ['Cb2', 'Cb3', 'Cb1']]","[['48600.81', '48600.83'], [], ['48600.105', '48600.107', '48600.69', '48600.129']]"
