debate_id,t_id,direction,heuristic,constructive_explanation_abv,constructive_explanation_arg,destructive_explanation_abv,destructive_explanation_arg
53972,53972.7,strengthening,weak to strong,"[['UnWCb1', 'UnWCb2'], ['Pb1', 'Pb2', 'Pb3']]","[['53972.41', '53972.45'], ['53972.11', '53972.35', '53972.39', '53972.43']]","[['UnWCb1', 'UnWCb2'], [], ['Pb1', 'Pb2', 'Pb3']]","[['53972.41', '53972.45'], [], ['53972.11', '53972.35', '53972.39', '53972.43']]"
53972,53972.7,strengthening,strong to weak,"[['UnWCb1', 'UnWCb2'], ['Pb2', 'Pb3', 'Pb1']]","[['53972.41', '53972.45'], ['53972.39', '53972.43', '53972.11', '53972.35']]","[['UnWCb1', 'UnWCb2'], [], ['Pb2', 'Pb3', 'Pb1']]","[['53972.41', '53972.45'], [], ['53972.39', '53972.43', '53972.11', '53972.35']]"
53972,53972.7,strengthening,small to large,"[['UnWCb1', 'UnWCb2'], ['Pb2', 'Pb3', 'Pb1']]","[['53972.41', '53972.45'], ['53972.39', '53972.43', '53972.11', '53972.35']]","[['UnWCb1', 'UnWCb2'], [], ['Pb2', 'Pb3', 'Pb1']]","[['53972.41', '53972.45'], [], ['53972.39', '53972.43', '53972.11', '53972.35']]"
