debate_id,t_id,direction,heuristic,constructive_explanation_abv,constructive_explanation_arg,destructive_explanation_abv,destructive_explanation_arg
60162,60162.3,strengthening,weak to strong,"[['UnWCb1', 'UnWCb2'], ['Pb1', 'Pb2'], ['CWb1']]","[['60162.9', '60162.19'], ['60162.5', '60162.7', '60162.15', '60162.17'], ['60162.11']]","[['UnWCb1', 'UnWCb2'], ['CWb1', 'CWb2', 'CWb3'], ['Pb1', 'Pb2']]","[['60162.9', '60162.19'], ['60162.11', '60162.13', '60162.21'], ['60162.5', '60162.7', '60162.15', '60162.17']]"
60162,60162.3,strengthening,strong to weak,"[['UnWCb1', 'UnWCb2'], ['Pb2', 'Pb1'], ['CWb1']]","[['60162.9', '60162.19'], ['60162.15', '60162.17', '60162.5', '60162.7'], ['60162.11']]","[['UnWCb1', 'UnWCb2'], ['CWb1', 'CWb2', 'CWb3'], ['Pb2', 'Pb1']]","[['60162.9', '60162.19'], ['60162.11', '60162.13', '60162.21'], ['60162.15', '60162.17', '60162.5', '60162.7']]"
60162,60162.3,strengthening,small to large,"[['UnWCb1', 'UnWCb2'], ['Pb1', 'Pb2'], ['CWb1']]","[['60162.9', '60162.19'], ['60162.5', '60162.7', '60162.15', '60162.17'], ['60162.11']]","[['UnWCb1', 'UnWCb2'], ['CWb1', 'CWb2', 'CWb3'], ['Pb1', 'Pb2']]","[['60162.9', '60162.19'], ['60162.11', '60162.13', '60162.21'], ['60162.5', '60162.7', '60162.15', '60162.17']]"
